Population : 51
Iteration : 1000
Alpha : 3
Beta : 9
Decline : 0.185
Run :30
Average Optimum : 436.337
Best Optimum : 436.777
Best Path : 
1 22 2 16 50 9 49 5 38 11 32 51 46 12 47 4 18 14 25 13 41 19 40 42 44 37 17 15 45 33 39 10 30 34 21 29 20 35 36 3 28 31 26 8 48 23 7 43 24 6 27 1 

Population : 51
Iteration : 1000
Alpha : 2.1
Beta : 6.3
Decline : 0.185
Run :1
Average Optimum : 436.874
Best Optimum : 436.874
Best Path : 
1 22 2 16 50 9 30 34 21 29 20 35 36 3 28 31 26 8 48 23 7 43 24 25 14 6 27 51 46 12 47 4 18 13 41 19 40 42 17 37 15 44 45 33 39 10 49 5 38 11 32 1 

Population : 51
Iteration : 1000
Alpha : 2.1
Beta : 6.3
Decline : 0.185
Run :1
Average Optimum : 453.008
Best Optimum : 453.008
Best Path : 
1 32 11 38 49 9 50 16 2 22 8 26 31 28 3 36 35 20 29 21 34 30 10 39 33 45 15 37 17 4 18 47 12 46 51 27 6 48 23 7 43 24 14 25 13 41 19 40 42 44 5 1 

Population : 51
Iteration : 1000
Alpha : 3
Beta : 9
Decline : 0.185
Run :1
Average Optimum : 434.773
Best Optimum : 434.773
Best Path : 
1 32 11 38 9 49 5 37 17 4 18 47 12 46 51 27 6 48 23 7 43 24 14 25 13 41 19 40 42 44 15 45 33 39 10 30 34 50 16 2 29 21 20 35 36 3 28 31 26 8 22 1 

Population : 51
Iteration : 1000
Alpha : 3
Beta : 9
Decline : 0.185
Run :1
Execution Time :14.3893(s)
Average Optimum : 439.71
Best Optimum : 439.71
Best Path : 
1 22 2 16 50 9 49 5 38 11 32 51 46 12 47 17 37 44 15 45 33 39 10 30 34 21 29 20 35 36 3 28 31 26 8 48 23 7 43 24 14 25 13 41 19 40 42 4 18 6 27 1 

Population : 51
Iteration : 1000
Alpha : 3
Beta : 9
Decline : 0.185
Run :1
Execution Time :14.286(s)
Average Optimum : 434.773
Best Optimum : 434.773
Best Path : 
1 32 11 38 9 49 5 37 17 4 18 47 12 46 51 27 6 48 23 7 43 24 14 25 13 41 19 40 42 44 15 45 33 39 10 30 34 50 16 2 29 21 20 35 36 3 28 31 26 8 22 1 

Population : 100
Iteration : 1000
Alpha : 3
Beta : 9
Decline : 0.185
Run :1
Execution Time :151.005(s)
Average Optimum : 22500.2
Best Optimum : 22500.2
Best Path : 
1 92 8 42 89 31 80 56 97 75 19 4 65 66 26 70 94 22 16 88 53 79 18 24 38 36 99 59 74 21 72 10 84 90 49 6 63 47 32 11 17 15 45 91 98 23 60 62 77 20 12 27 86 35 83 55 34 29 46 3 43 14 71 41 100 48 30 39 96 78 52 5 37 33 76 13 95 82 50 44 2 54 40 64 69 73 68 85 81 25 61 51 87 57 7 9 58 67 93 28 1 

Population : 100
Iteration : 1000
Alpha : 3
Beta : 9
Decline : 0.185
Run :1
Execution Time :27.6115(s)
Average Optimum : 432.534
Best Optimum : 432.534
Best Path : 
1 32 11 38 9 49 5 37 17 4 18 47 12 46 51 27 6 48 23 7 43 24 14 25 13 41 19 40 42 44 15 45 33 10 39 30 34 50 16 21 29 2 20 35 36 3 28 31 26 8 22 1 

Population : 100
Iteration : 1000
Alpha : 3
Beta : 9
Decline : 0.185
Run :1
Execution Time :27.2445(s)
Average Optimum : 431.557
Best Optimum : 431.557
Best Path : 
1 32 11 38 9 49 5 37 17 4 18 47 12 46 51 27 6 48 23 7 43 24 14 25 13 41 19 40 42 44 15 45 33 39 10 30 34 50 16 21 29 2 20 35 36 3 28 31 26 8 22 1 

Population : 101
Iteration : 1000
Alpha : 3
Beta : 9
Decline : 0.185
Run :1
Execution Time :154.19(s)
Average Optimum : 669.031
Best Optimum : 669.031
Best Path : 
1 69 27 101 53 28 26 12 80 68 77 3 79 78 34 81 33 51 9 71 35 65 66 20 30 70 31 88 7 82 48 47 19 11 62 10 90 32 63 64 49 36 46 8 45 17 84 5 60 83 18 52 89 6 94 95 97 92 59 99 96 93 85 98 37 100 91 16 61 86 44 14 38 43 15 57 2 87 42 13 58 40 21 73 72 74 22 41 75 56 39 23 67 25 55 4 54 24 29 76 50 1 

Population : 101
Iteration : 10
Alpha : 3
Beta : 9
Decline : 0.185
Run :1
Execution Time :0.282804(s)
Average Optimum : 455.496
Best Optimum : 455.496
Best Path : 
1 32 11 38 16 50 9 49 5 12 46 51 27 48 6 23 7 43 24 14 25 13 41 19 42 40 18 47 4 17 37 44 15 45 33 39 10 30 34 21 29 2 20 35 36 3 28 31 8 26 22 1 

Population : 101
Iteration : 10
Alpha : 3
Beta : 9
Decline : 0.185
Run :1
Execution Time :0.280936(s)
Average Optimum : 445.614
Best Optimum : 445.614
Best Path : 
1 22 2 16 50 9 49 5 38 11 32 51 46 12 47 4 17 37 44 15 45 33 39 10 30 34 21 29 20 35 36 3 28 31 26 8 48 23 7 43 24 14 25 13 41 19 40 42 18 6 27 1 

Population : 101
Iteration : 1
Alpha : 3
Beta : 9
Decline : 0.185
Run :1
Execution Time :0.027994(s)
Average Optimum : 493.788
Best Optimum : 493.788
Best Path : 
1 32 11 38 16 50 9 34 30 10 49 5 12 47 18 4 17 37 44 15 45 33 39 21 29 2 20 35 36 3 28 31 8 26 48 23 7 43 24 14 25 13 41 19 42 40 51 46 27 6 22 1 

Population : 101
Iteration : 1
Alpha : 3
Beta : 9
Decline : 0.185
Run :1
Execution Time :0.028032(s)
Average Optimum : 471.244
Best Optimum : 471.244
Best Path : 
1 32 2 16 50 9 49 38 5 12 47 18 4 17 37 15 45 33 10 39 30 34 21 29 20 35 36 3 28 31 8 26 7 23 43 24 14 25 13 41 19 40 42 44 51 46 11 22 27 6 48 1 

Population : 101
Iteration : 1
Alpha : 3
Beta : 9
Decline : 0.185
Run :1
Execution Time :0.03108(s)
Average Optimum : 482.559
Best Optimum : 482.559
Best Path : 
1 32 11 38 5 12 47 18 4 17 37 44 15 45 33 39 10 49 9 50 34 30 21 29 2 16 20 35 36 3 28 31 8 26 7 23 43 24 14 25 13 41 19 42 40 6 48 27 46 51 22 1 

Population : 101
Iteration : 1
Alpha : 3
Beta : 9
Decline : 0.185
Run :1
Execution Time :0.029525(s)
Average Optimum : 477.291
Best Optimum : 477.291
Best Path : 
1 32 11 38 5 49 9 50 16 2 20 3 28 31 26 8 48 23 7 43 24 14 25 13 41 19 40 42 44 15 45 33 39 10 30 34 21 29 35 36 22 27 51 46 12 47 18 4 17 37 6 1 

Population : 101
Iteration : 1
Alpha : 3
Beta : 9
Decline : 0.185
Run :1
Execution Time :0.030244(s)
Average Optimum : 479.149
Best Optimum : 479.149
Best Path : 
1 32 11 38 9 50 16 29 21 34 30 49 10 39 33 45 15 44 37 17 4 18 47 12 5 46 51 27 48 23 7 43 24 14 25 13 41 19 42 40 6 26 8 31 28 3 35 36 20 2 22 1 

Population : 101
Iteration : 1000
Alpha : 3
Beta : 9
Decline : 0.185
Run :1
Execution Time :27.9625(s)
Average Optimum : 434.879
Best Optimum : 434.879
Best Path : 
1 22 2 16 50 9 49 38 5 12 47 4 18 14 25 13 41 19 40 42 44 17 37 15 45 33 39 10 30 34 21 29 20 35 36 3 28 31 26 8 48 23 7 43 24 6 27 51 46 11 32 1 

Population : 101
Iteration : 100
Alpha : 3
Beta : 9
Decline : 0.185
Run :1
Execution Time :2.80162(s)
Average Optimum : 438.398
Best Optimum : 438.398
Best Path : 
1 22 2 16 50 9 49 38 11 32 46 51 47 12 5 37 17 4 18 14 25 13 41 19 40 42 44 15 45 33 39 10 30 34 21 29 20 35 36 3 28 31 26 8 48 23 7 43 24 6 27 1 

Population : 101
Iteration : 100
Alpha : 3
Beta : 9
Decline : 0.185
Run :1
Execution Time :2.81282(s)
Average Optimum : 439.679
Best Optimum : 439.679
Best Path : 
1 22 2 16 50 9 49 30 34 21 29 20 35 36 3 28 31 26 8 48 23 7 43 24 6 27 51 46 47 12 37 17 4 18 14 25 13 41 19 40 42 44 15 45 33 39 10 5 38 11 32 1 

Population : 101
Iteration : 1000
Alpha : 3
Beta : 9
Decline : 0.185
Run :1
Execution Time :17.9031(s)
Average Optimum : 441.427
Best Optimum : 441.427
Best Path : 
1 32 11 38 5 37 17 4 18 47 12 46 51 27 48 6 23 7 43 24 14 25 13 41 19 40 42 44 15 45 33 39 10 30 34 50 9 49 16 2 29 21 20 35 36 3 28 31 26 8 22 1 

Population : 101
Iteration : 1000
Alpha : 3
Beta : 9
Decline : 0.185
Run :1
Execution Time :24.0112(s)
Average Optimum : 451.465
Best Optimum : 451.465
Best Path : 
1 22 2 16 50 9 49 5 38 11 32 27 48 23 6 14 25 24 43 7 26 8 31 28 3 36 35 20 29 21 34 30 39 10 33 45 15 44 42 19 41 40 13 18 4 17 37 47 12 46 51 1 

Population : 101
Iteration : 1000
Alpha : 3
Beta : 9
Decline : 0.185
Run :1
Execution Time :18.6902(s)
Average Optimum : 455.5
Best Optimum : 455.5
Best Path : 
1 22 2 16 50 9 49 5 38 11 32 27 6 14 25 13 41 19 42 40 4 17 37 44 15 45 33 39 10 30 34 21 29 20 35 36 3 28 31 26 8 48 23 7 43 24 18 47 12 46 51 1 

Population : 101
Iteration : 1000
Alpha : 3
Beta : 9
Decline : 0.185
Run :1
Execution Time :18.5177(s)
Average Optimum : 446.29
Best Optimum : 446.29
Best Path : 
1 22 2 16 50 9 49 38 11 32 27 46 51 47 12 5 37 17 4 18 14 25 13 41 19 40 42 44 15 45 33 39 10 30 34 21 29 20 35 36 3 28 31 26 8 48 23 7 43 24 6 1 

Population : 101
Iteration : 1000
Alpha : 3
Beta : 9
Decline : 0.185
Run :1
Execution Time :18.2268(s)
Average Optimum : 442.899
Best Optimum : 442.899
Best Path : 
1 22 2 16 50 9 49 5 38 11 32 46 51 12 47 17 37 15 45 33 39 10 30 34 21 29 20 35 36 3 28 31 26 8 48 23 7 43 24 14 25 13 41 19 40 42 44 4 18 6 27 1 

Population : 101
Iteration : 1000
Alpha : 3
Beta : 9
Decline : 0.185
Run :1
Execution Time :145.184(s)
Average Optimum : 683.737
Best Optimum : 683.737
Best Path : 
1 69 70 30 20 51 9 81 33 79 3 77 76 50 68 80 12 26 28 101 53 58 40 21 73 72 74 22 41 75 56 39 23 67 25 55 4 54 24 29 78 34 35 71 65 66 32 90 63 11 19 48 82 7 88 31 10 62 64 49 36 47 46 8 45 83 60 5 84 17 61 16 91 100 37 98 92 59 96 99 93 85 95 97 87 42 14 44 86 38 43 15 57 2 13 94 6 89 18 52 27 1 

Population : 101
Iteration : 100
Alpha : 3
Beta : 9
Decline : 0.185
City size : 101
Run :1
Execution Time :15.2334(s)
Average Optimum : 693.804
Best Optimum : 693.804
Best Path : 
1 69 27 101 53 58 40 21 73 72 74 22 41 75 56 39 23 67 25 55 4 54 80 68 77 3 79 33 81 9 51 20 30 70 31 88 62 10 90 32 63 11 19 48 82 7 52 18 60 83 84 5 61 85 93 99 96 59 92 98 37 100 91 16 44 14 42 87 97 95 94 6 89 13 2 57 15 43 38 86 17 45 8 46 47 36 49 64 66 65 71 35 34 78 29 24 12 26 28 76 50 1 

Population : 101
Iteration : 1000
Alpha : 3
Beta : 9
Decline : 0.185
City size : 101
Run :1
Execution Time :137.035(s)
Average Optimum : 674.512
Best Optimum : 674.512
Best Path : 
1 50 76 28 101 53 58 40 26 12 80 68 77 3 79 33 81 9 51 20 30 70 10 62 11 19 48 82 7 88 31 52 18 60 83 84 5 93 85 91 100 37 98 92 59 99 96 95 97 87 57 2 21 73 72 74 22 41 75 56 23 39 67 25 55 4 54 24 29 78 34 35 71 65 66 32 90 63 64 49 36 47 46 8 45 17 61 16 86 44 14 38 43 15 42 13 94 6 89 27 69 1 

Population : 101
Iteration : 1000
Alpha : 3
Beta : 9
Decline : 0.185
City size : 101
Run :1
Execution Time :109.868(s)
Average Optimum : 683.746
Best Optimum : 683.746
Best Path : 
1 69 31 88 7 82 48 47 36 49 64 11 63 90 32 30 70 10 62 19 46 8 45 17 84 5 60 83 18 52 89 6 94 95 97 92 59 99 96 93 85 91 100 37 98 61 16 44 86 38 14 42 87 2 57 15 43 13 58 40 21 73 72 74 22 41 75 56 39 23 67 25 55 4 54 80 68 77 3 79 33 81 9 51 20 66 71 65 35 34 78 29 24 12 26 53 101 27 28 76 50 1 

Population : 101
Iteration : 1000
Alpha : 3
Beta : 9
Decline : 0.185
City size : 101
Run :30
Execution Time :3381.53(s)
Average Optimum : 677.74
Best Optimum : 662.267
Best Path : 
1 50 76 77 3 79 78 34 81 33 51 9 71 35 65 66 20 30 70 31 88 7 82 48 47 36 49 64 63 90 32 10 62 11 19 46 8 45 17 84 5 60 83 18 52 89 6 94 95 97 92 59 99 96 93 98 37 100 91 85 61 16 86 44 14 38 43 15 57 2 87 42 13 58 40 21 73 72 74 22 41 75 56 39 23 67 25 55 4 54 24 29 68 80 12 26 28 53 101 27 69 1 

Population : 101
Iteration : 1000
Alpha : 3
Beta : 9
Decline : 0.185
City size : 1002
Run :1
Execution Time :9507.88(s)
Average Optimum : 310943
Best Optimum : 310943
Best Path : 
1 2 5 4 3 6 9 8 7 10 13 16 17 22 23 24 25 31 30 29 27 28 332 333 334 329 328 327 326 325 324 319 318 317 320 323 322 321 294 293 295 296 289 290 291 292 288 287 286 284 283 282 281 280 278 279 277 285 299 300 298 297 991 305 306 307 308 309 310 311 312 45 44 43 42 41 49 50 40 39 38 37 36 35 34 33 32 62 64 63 61 65 59 58 57 55 56 67 66 60 51 53 52 54 72 73 71 70 69 68 12 11 14 15 18 21 19 20 26 330 331 314 315 316 313 48 47 46 109 108 107 994 103 104 105 106 118 116 115 114 112 110 111 113 304 303 302 301 117 119 124 123 122 120 121 257 258 259 249 248 247 250 260 261 262 266 265 267 268 269 271 272 273 274 275 276 467 468 469 470 471 472 476 475 474 473 477 478 479 480 481 482 483 493 494 495 496 497 491 490 486 487 488 489 500 499 498 501 502 507 508 509 510 511 512 513 485 484 492 222 223 224 225 226 227 228 229 230 232 231 264 263 246 245 244 243 251 252 995 150 151 152 153 154 165 166 167 168 169 161 160 159 158 162 163 164 156 155 157 185 184 183 182 181 180 179 174 173 175 178 177 176 170 171 172 996 203 204 205 206 207 208 209 210 211 213 216 212 217 218 219 220 221 234 235 233 236 237 190 192 193 189 188 239 238 240 242 241 186 187 195 196 202 201 198 199 200 197 194 191 214 215 504 503 506 505 999 530 524 523 515 516 517 520 518 519 565 564 563 562 549 548 547 546 545 540 544 543 542 541 539 537 536 535 533 534 528 527 526 529 525 522 521 567 566 568 569 570 571 572 573 574 591 592 559 557 556 558 560 561 550 551 552 553 554 555 595 594 593 590 589 588 576 575 578 577 581 582 583 584 585 449 448 450 451 452 453 455 456 457 458 459 460 465 466 464 463 462 461 428 429 430 431 432 433 434 446 447 445 444 443 442 441 439 438 440 632 631 630 629 611 610 609 608 606 607 605 612 627 628 626 625 992 633 634 635 636 637 638 639 645 646 647 648 650 649 651 652 653 654 643 644 641 640 373 372 371 370 369 378 368 367 366 365 364 363 362 361 360 352 353 351 350 345 344 341 342 338 339 340 391 392 390 389 393 387 388 386 385 383 384 395 394 396 397 398 399 401 400 382 380 381 379 377 376 375 374 437 436 435 997 427 426 425 424 422 421 420 418 419 415 417 416 414 413 411 412 409 408 407 406 410 405 423 404 403 402 335 337 336 343 346 349 347 348 354 359 358 357 355 356 660 661 662 656 655 657 658 659 642 622 621 623 624 617 618 619 620 730 731 735 734 738 744 745 742 743 741 740 739 737 736 711 713 709 708 710 712 723 722 721 717 716 715 714 707 706 697 698 699 700 701 968 967 966 965 964 963 962 961 993 953 954 956 955 940 937 938 939 957 958 959 960 769 768 766 767 770 771 772 773 774 775 762 761 760 759 758 757 756 789 790 791 792 794 793 788 786 785 784 783 781 780 779 778 782 803 802 801 799 800 804 805 806 807 808 798 797 796 795 601 600 599 597 596 598 587 586 454 998 580 579 514 532 531 538 832 831 834 833 835 830 829 826 827 828 817 816 815 814 818 819 820 812 811 821 822 823 824 825 813 841 840 839 838 837 836 1002 858 852 851 850 849 848 845 844 895 894 896 897 898 842 843 846 847 892 893 891 890 889 888 886 887 920 919 902 901 900 899 907 908 906 905 904 903 917 918 922 921 923 924 925 927 928 929 930 931 932 933 934 935 936 941 942 943 944 945 946 947 948 949 950 951 952 977 978 979 976 974 975 981 982 980 971 972 970 987 986 985 984 983 989 990 988 684 683 685 686 687 680 681 679 678 673 672 669 670 666 667 668 719 720 718 689 688 682 677 674 675 676 671 665 664 663 726 725 724 728 729 727 696 695 694 693 692 691 690 969 973 702 703 704 705 765 764 763 1000 755 753 752 754 747 748 746 749 750 751 733 732 616 615 614 613 604 603 602 787 912 911 910 909 915 914 913 777 776 926 916 884 885 883 882 881 880 879 878 877 876 875 874 873 868 872 871 870 869 867 865 864 863 862 861 860 859 857 854 855 856 853 866 1001 810 809 270 253 254 255 256 126 125 127 128 129 130 131 132 137 138 136 135 134 133 100 101 102 96 97 98 91 92 90 93 94 95 99 89 87 86 88 78 79 82 83 84 85 80 81 74 75 76 77 146 147 148 144 149 143 142 141 140 139 145 1 

Population : 51
Iteration : 1000
Alpha : 3
Beta : 9
Decline : 0.185
City size : 51
Run :1
PR_NUM : 50
PR LOCK LIMIT : 22.95
Execution Time :9.59849(s)
Average Optimum : 453.753
Best Optimum : 453.753
Best Path : 
1 32 11 38 5 49 9 50 16 2 29 21 34 30 10 39 33 45 15 44 37 17 4 41 19 42 40 13 25 14 6 27 51 46 12 47 18 24 43 7 23 48 8 26 31 28 3 20 35 36 22 1 

